# xrslam-regression report v2
M allow_unpaced 0
M build_dir /tmp/xrreg/post_mobile
M config_from_string 1
M host KaidongdeMacBook-Pro.local
M lib /tmp/xrreg/post_mobile/xrslam-interface/libxrslam.dylib
M lib_sha256 33c6601fbbb1246f041968383fba2fb4caae4b80b3a3802b1cf1a04189d7f656
M lib_threading 1
M lib_version xrslam v0.5.0
M max_frames 160
M opt_inspection 1
M opt_lowlatency 1
M opt_threading 1
M pace 1
M python 3.14.7
M sensor_config sensor.yaml
M seq synth://
M settle_ms 200.0
M slam_config slam.yaml
M src_source synth
M src_synth_accel_bias (0.0, 0.0, 0.0)
M src_synth_accel_noise 0
M src_synth_bg_high 78
M src_synth_bg_low 40
M src_synth_blob_peak 240
M src_synth_blob_radius 3
M src_synth_blob_sigma 1.25
M src_synth_cam_rate 20
M src_synth_cx 376
M src_synth_cy 240
M src_synth_duration 12
M src_synth_fx 460
M src_synth_fy 460
M src_synth_gyro_bias (0.0, 0.0, 0.0)
M src_synth_gyro_noise 0
M src_synth_height 480
M src_synth_imu_rate 200
M src_synth_imu_scale 1
M src_synth_imu_seed 12345
M src_synth_num_landmarks 400
M src_synth_seed 20260823
M src_synth_t0 100
M src_synth_width 752
M tag run#0
M tool pw_tools/regression
M wall_start 1787425064.710
C idx frame_ts pose_ts state landmarks fusion_total qx qy qz qw tx ty tz push_rc lm_rc ms det_kp trk_kp inl_kp mapped_lm lm_published lm_usable core_seq core_imu degen settled
F 0 100.025000000 100.025000000 0 0 0 0.000000 0.000000 0.000000 0.000000 0.000000 0.000000 0.000000 0 0 200.302 -1 -1 -1 -1 0 0 0 -1 1 0
F 1 100.075000000 100.075000000 0 0 0 0.000000 0.000000 0.000000 0.000000 0.000000 0.000000 0.000000 0 0 200.785 191 -1 -1 -1 0 0 1 6 1 0
F 2 100.125000000 100.125000000 0 0 0 0.000000 0.000000 0.000000 0.000000 0.000000 0.000000 0.000000 0 0 0.819 194 184 191 -1 0 0 2 10 1 1
F 3 100.175000000 100.175000000 0 0 0 0.000000 0.000000 0.000000 0.000000 0.000000 0.000000 0.000000 0 0 1.589 190 186 194 -1 0 0 3 10 1 1
F 4 100.225000000 100.225000000 0 0 0 0.000000 0.000000 0.000000 0.000000 0.000000 0.000000 0.000000 0 0 200.777 188 182 190 -1 0 0 4 10 1 0
F 5 100.275000000 100.275000000 0 0 0 0.000000 0.000000 0.000000 0.000000 0.000000 0.000000 0.000000 0 0 200.776 190 183 188 -1 0 0 5 10 1 0
F 6 100.325000000 100.325000000 0 0 0 0.000000 0.000000 0.000000 0.000000 0.000000 0.000000 0.000000 0 0 1.708 187 176 190 -1 0 0 6 10 1 1
F 7 100.375000000 100.375000000 0 0 0 0.000000 0.000000 0.000000 0.000000 0.000000 0.000000 0.000000 0 0 200.385 180 175 187 -1 0 0 7 10 1 0
F 8 100.425000000 100.425000000 0 0 0 0.000000 0.000000 0.000000 0.000000 0.000000 0.000000 0.000000 0 0 0.787 180 173 180 -1 0 0 8 10 1 1
F 9 100.475000000 100.475000000 0 0 0 0.000000 0.000000 0.000000 0.000000 0.000000 0.000000 0.000000 0 0 200.468 180 175 180 -1 0 0 9 10 1 0
F 10 100.525000000 100.525000000 0 0 0 0.000000 0.000000 0.000000 0.000000 0.000000 0.000000 0.000000 0 0 200.387 180 174 180 -1 0 0 10 10 1 0
F 11 100.575000000 100.575000000 0 0 0 0.000000 0.000000 0.000000 0.000000 0.000000 0.000000 0.000000 0 0 0.912 183 178 180 -1 0 0 11 10 1 1
F 12 100.625000000 100.625000000 0 0 0 0.000000 0.000000 0.000000 0.000000 0.000000 0.000000 0.000000 0 0 0.799 181 180 183 -1 0 0 12 10 1 1
F 13 100.675000000 100.675000000 0 0 0 0.000000 0.000000 0.000000 0.000000 0.000000 0.000000 0.000000 0 0 0.779 178 177 181 -1 0 0 13 10 1 1
F 14 100.725000000 100.725000000 0 0 0 0.000000 0.000000 0.000000 0.000000 0.000000 0.000000 0.000000 0 0 200.299 179 173 178 -1 0 0 14 10 1 0
F 15 100.775000000 100.775000000 0 0 0 0.000000 0.000000 0.000000 0.000000 0.000000 0.000000 0.000000 0 0 2.451 178 175 179 -1 0 0 15 10 1 1
F 16 100.825000000 100.825000000 0 0 0 0.000000 0.000000 0.000000 0.000000 0.000000 0.000000 0.000000 0 0 200.121 176 173 178 -1 0 0 16 10 1 0
F 17 100.875000000 100.875000000 0 0 0 0.000000 0.000000 0.000000 0.000000 0.000000 0.000000 0.000000 0 0 200.224 174 172 176 -1 0 0 17 10 1 0
F 18 100.925000000 100.925000000 0 0 0 0.000000 0.000000 0.000000 0.000000 0.000000 0.000000 0.000000 0 0 1.733 177 172 174 -1 0 0 18 10 1 1
F 19 100.975000000 100.975000000 0 0 0 0.000000 0.000000 0.000000 0.000000 0.000000 0.000000 0.000000 0 0 200.428 176 174 177 -1 0 0 19 10 1 0
F 20 101.025000000 101.025000000 0 0 0 0.000000 0.000000 0.000000 0.000000 0.000000 0.000000 0.000000 0 0 2.773 172 171 176 -1 0 0 20 10 1 1
F 21 101.075000000 101.075000000 0 0 0 0.000000 0.000000 0.000000 0.000000 0.000000 0.000000 0.000000 0 0 200.666 171 168 172 -1 0 0 21 10 1 0
F 22 101.125000000 101.125000000 0 0 0 0.000000 0.000000 0.000000 0.000000 0.000000 0.000000 0.000000 0 0 0.106 168 167 171 -1 0 0 22 10 1 1
F 23 101.175000000 101.175000000 0 0 0 0.000000 0.000000 0.000000 0.000000 0.000000 0.000000 0.000000 0 0 200.769 170 168 168 -1 0 0 23 10 1 0
F 24 101.225000000 101.225000000 0 0 0 0.000000 0.000000 0.000000 0.000000 0.000000 0.000000 0.000000 0 0 0.162 170 169 170 -1 0 0 24 10 1 1
F 25 101.275000000 101.275000000 0 0 0 0.000000 0.000000 0.000000 0.000000 0.000000 0.000000 0.000000 0 0 200.253 171 170 170 -1 0 0 25 10 1 0
F 26 101.325000000 101.325000000 0 0 0 0.000000 0.000000 0.000000 0.000000 0.000000 0.000000 0.000000 0 0 0.910 171 170 171 -1 0 0 26 10 1 1
F 27 101.375000000 101.375000000 0 0 0 0.000000 0.000000 0.000000 0.000000 0.000000 0.000000 0.000000 0 0 200.709 171 171 171 -1 0 0 27 10 1 0
F 28 101.425000000 101.425000000 0 0 0 0.000000 0.000000 0.000000 0.000000 0.000000 0.000000 0.000000 0 0 1.758 167 167 171 -1 0 0 28 10 1 1
F 29 101.475000000 101.475000000 0 0 0 0.000000 0.000000 0.000000 0.000000 0.000000 0.000000 0.000000 0 0 0.051 168 166 167 -1 0 0 29 10 1 1
F 30 101.525000000 101.525000000 0 0 0 0.000000 0.000000 0.000000 0.000000 0.000000 0.000000 0.000000 0 0 0.793 167 166 168 -1 0 0 30 10 1 1
F 31 101.575000000 101.575000000 0 0 0 0.000000 0.000000 0.000000 0.000000 0.000000 0.000000 0.000000 0 0 200.454 167 164 167 -1 0 0 31 10 1 0
F 32 101.625000000 101.625000000 0 0 0 0.000000 0.000000 0.000000 0.000000 0.000000 0.000000 0.000000 0 0 0.906 165 164 167 -1 0 0 32 10 1 1
F 33 101.675000000 101.675000000 0 0 0 0.000000 0.000000 0.000000 0.000000 0.000000 0.000000 0.000000 0 0 200.682 164 162 165 -1 0 0 33 10 1 0
F 34 101.725000000 101.725000000 0 0 0 0.000000 0.000000 0.000000 0.000000 0.000000 0.000000 0.000000 0 0 1.666 164 161 164 -1 0 0 34 10 1 1
F 35 101.775000000 101.775000000 0 0 0 0.000000 0.000000 0.000000 0.000000 0.000000 0.000000 0.000000 0 0 0.057 165 163 164 -1 0 0 35 10 1 1
F 36 101.825000000 101.825000000 1 0 0 0.000000 0.000000 0.000000 0.000000 0.000000 0.000000 0.000000 0 0 200.500 166 163 165 -1 0 0 36 10 1 0
F 37 101.875000000 101.875000000 1 0 0 -0.696363 -0.053105 0.007102 0.715687 -0.415838 0.081114 -0.034746 0 0 0.815 167 166 166 -1 0 0 37 10 0 1
F 38 101.925000000 101.925000000 1 0 229 -0.694289 -0.051360 0.005699 0.717838 -0.387339 0.079419 -0.042741 0 0 0.791 165 163 167 156 0 0 38 10 0 1
F 39 101.975000000 101.975000000 1 0 229 -0.692278 -0.049264 0.004330 0.719934 -0.357409 0.077562 -0.051136 0 0 0.782 166 161 165 156 0 0 39 10 0 1
F 40 102.025000000 102.025000000 1 0 229 -0.690351 -0.046794 0.002989 0.721954 -0.326389 0.075455 -0.059853 0 0 0.777 166 162 166 156 0 0 40 10 0 1
F 41 102.075000000 102.075000000 1 0 227 -0.688504 -0.044024 0.001651 0.723893 -0.295095 0.073496 -0.068845 0 0 0.788 166 160 166 162 0 0 41 10 0 1
F 42 102.125000000 102.125000000 1 0 227 -0.686756 -0.040978 0.000411 0.725732 -0.260605 0.070677 -0.077992 0 0 1.350 169 162 166 162 0 0 42 10 0 1
F 43 102.175000000 102.175000000 1 0 207 -0.685089 -0.037613 -0.000791 0.727487 -0.225426 0.067841 -0.087674 0 0 200.159 170 167 169 157 0 0 43 10 0 0
F 44 102.225000000 102.225000000 1 0 207 -0.683593 -0.033931 -0.001892 0.729071 -0.165488 0.056843 -0.086465 0 0 0.814 169 165 170 157 0 0 44 10 0 1
F 45 102.275000000 102.275000000 1 0 205 -0.682137 -0.030051 -0.003015 0.730600 -0.132462 0.054505 -0.095348 0 0 0.781 172 163 169 159 0 0 45 10 0 1
F 46 102.325000000 102.325000000 1 0 205 -0.680815 -0.025950 -0.004106 0.731984 -0.098768 0.051941 -0.104194 0 0 0.777 173 167 172 159 0 0 46 10 0 1
F 47 102.375000000 102.375000000 1 0 205 -0.679599 -0.021635 -0.005153 0.733247 -0.064331 0.049199 -0.113343 0 0 0.780 171 167 173 159 0 0 47 10 0 1
F 48 102.425000000 102.425000000 1 0 201 -0.678504 -0.017085 -0.006236 0.734371 -0.030318 0.046616 -0.122542 0 0 0.778 169 166 171 157 0 0 48 10 0 1
F 49 102.475000000 102.475000000 1 0 201 -0.677545 -0.012285 -0.007329 0.735342 0.002654 0.044206 -0.132084 0 0 0.776 164 159 169 157 0 0 49 10 0 1
F 50 102.525000000 102.525000000 1 0 201 -0.676715 -0.007219 -0.008468 0.736161 0.034858 0.041433 -0.141283 0 0 0.796 165 155 164 157 0 0 50 10 0 1
F 51 102.575000000 102.575000000 1 0 201 -0.676002 -0.002196 -0.009525 0.736835 0.069019 0.038723 -0.150518 0 0 0.710 165 157 165 157 0 0 51 10 0 1
F 52 102.625000000 102.625000000 1 0 201 -0.675422 0.002832 -0.010525 0.737351 0.104658 0.035999 -0.159922 0 0 0.771 170 159 165 157 0 0 52 10 0 1
F 53 102.675000000 102.675000000 1 0 201 -0.674984 0.007996 -0.011594 0.737698 0.139099 0.032997 -0.169111 0 0 0.775 170 160 170 157 0 0 53 10 0 1
F 54 102.725000000 102.725000000 1 0 201 -0.674652 0.013207 -0.012625 0.737910 0.173493 0.029938 -0.178590 0 0 0.695 172 163 170 157 0 0 54 10 0 1
F 55 102.775000000 102.775000000 1 0 201 -0.674461 0.018545 -0.013751 0.737949 0.206058 0.026824 -0.187894 0 0 0.773 170 165 172 157 0 0 55 10 0 1
F 56 102.825000000 102.825000000 1 0 201 -0.674412 0.023853 -0.014922 0.737819 0.238288 0.023829 -0.196919 0 0 0.774 175 163 170 157 0 0 56 10 0 1
F 57 102.875000000 102.875000000 1 0 201 -0.674471 0.029164 -0.016161 0.737548 0.269441 0.020958 -0.206334 0 0 0.772 178 169 175 157 0 0 57 10 0 1
F 58 102.925000000 102.925000000 1 0 201 -0.674691 0.034492 -0.017487 0.737087 0.299071 0.018598 -0.215094 0 0 0.773 175 171 178 157 0 0 58 10 0 1
F 59 102.975000000 102.975000000 1 0 201 -0.675017 0.039804 -0.018885 0.736485 0.327068 0.015745 -0.224130 0 0 0.773 175 166 175 157 0 0 59 10 0 1
F 60 103.025000000 103.025000000 1 0 201 -0.675480 0.045002 -0.020339 0.735722 0.354465 0.013071 -0.233248 0 0 0.772 177 171 175 157 0 0 60 10 0 1
F 61 103.075000000 103.075000000 1 0 201 -0.676047 0.050072 -0.021861 0.734830 0.381069 0.010108 -0.242712 0 0 0.776 176 172 177 157 0 0 61 10 0 1
F 62 103.125000000 103.125000000 1 0 201 -0.676757 0.055038 -0.023434 0.733772 0.406603 0.007235 -0.251932 0 0 0.774 175 168 176 157 0 0 62 10 0 1
F 63 103.175000000 103.175000000 1 0 201 -0.677569 0.059890 -0.025136 0.732586 0.430052 0.004357 -0.261238 0 0 0.776 181 173 175 157 0 0 63 10 0 1
F 64 103.225000000 103.225000000 1 0 201 -0.678498 0.064595 -0.026992 0.731259 0.451366 0.001701 -0.270514 0 0 0.561 180 176 181 157 0 0 64 10 0 1
F 65 103.275000000 103.275000000 1 0 201 -0.679559 0.069090 -0.028831 0.729791 0.472342 -0.001341 -0.279663 0 0 0.773 180 176 180 157 0 0 65 10 0 1
F 66 103.325000000 103.325000000 1 0 210 -0.680818 0.073475 -0.030841 0.728105 0.489930 -0.003648 -0.287050 0 0 200.623 179 173 180 153 0 0 66 10 0 0
F 67 103.375000000 103.375000000 1 0 210 -0.682175 0.077778 -0.032911 0.726295 0.522482 -0.004651 -0.306802 0 0 0.025 175 172 179 153 0 0 67 10 0 1
F 68 103.425000000 103.425000000 1 0 210 -0.683575 0.081654 -0.035123 0.724448 0.537040 -0.007214 -0.315636 0 0 0.776 177 169 175 153 0 0 68 10 0 1
F 69 103.475000000 103.475000000 1 0 223 -0.685088 0.085270 -0.037413 0.722484 0.549870 -0.009284 -0.324277 0 0 200.558 176 173 177 159 0 0 69 10 0 0
F 70 103.525000000 103.525000000 1 0 223 -0.686667 0.088495 -0.039541 0.720482 0.550885 -0.012415 -0.327751 0 0 0.785 176 171 176 159 0 0 70 10 0 1
F 71 103.575000000 103.575000000 1 0 223 -0.688398 0.091568 -0.041951 0.718307 0.559576 -0.014258 -0.335467 0 0 0.717 180 175 176 159 0 0 71 10 0 1
F 72 103.625000000 103.625000000 1 0 223 -0.690215 0.094373 -0.044457 0.716045 0.565728 -0.016051 -0.342865 0 0 0.778 178 177 180 159 0 0 72 10 0 1
F 73 103.675000000 103.675000000 1 0 223 -0.692118 0.096912 -0.047054 0.713699 0.569056 -0.017799 -0.349895 0 0 0.784 179 173 178 159 0 0 73 10 0 1
F 74 103.725000000 103.725000000 1 0 223 -0.694097 0.099046 -0.049683 0.711303 0.571503 -0.018615 -0.356758 0 0 0.739 175 174 179 159 0 0 74 10 0 1
F 75 103.775000000 103.775000000 1 0 223 -0.696144 0.100912 -0.052336 0.708846 0.571325 -0.020144 -0.363370 0 0 0.788 174 173 175 159 0 0 75 10 0 1
F 76 103.825000000 103.825000000 1 0 223 -0.698283 0.102430 -0.055029 0.706314 0.569037 -0.021066 -0.368989 0 0 0.784 179 172 174 159 0 0 76 10 0 1
F 77 103.875000000 103.875000000 1 0 223 -0.700429 0.103646 -0.057732 0.703792 0.564477 -0.022216 -0.375075 0 0 0.787 178 176 179 159 0 0 77 10 0 1
F 78 103.925000000 103.925000000 1 0 223 -0.702629 0.104536 -0.060462 0.701234 0.557512 -0.023182 -0.380528 0 0 0.786 179 176 178 159 0 0 78 10 0 1
F 79 103.975000000 103.975000000 1 0 223 -0.704838 0.105004 -0.063163 0.698704 0.549419 -0.023301 -0.385880 0 0 0.792 175 175 179 159 0 0 79 10 0 1
F 80 104.025000000 104.025000000 1 0 223 -0.707034 0.105282 -0.065927 0.696184 0.536971 -0.024787 -0.390960 0 0 0.788 169 169 175 159 0 0 80 10 0 1
F 81 104.075000000 104.075000000 1 0 223 -0.709264 0.105182 -0.068509 0.693677 0.524634 -0.024815 -0.395583 0 0 0.790 168 167 169 159 0 0 81 10 0 1
F 82 104.125000000 104.125000000 1 0 223 -0.711530 0.104666 -0.070978 0.691182 0.516096 -0.024982 -0.402870 0 0 0.793 168 167 168 159 0 0 82 10 0 1
F 83 104.175000000 104.175000000 1 0 227 -0.713705 0.103950 -0.073507 0.688779 0.499729 -0.025312 -0.407202 0 0 0.761 168 168 168 164 0 0 83 10 0 1
F 84 104.225000000 104.225000000 1 0 227 -0.715859 0.103004 -0.075976 0.686413 0.479860 -0.025625 -0.410613 0 0 0.777 167 165 168 164 0 0 84 10 0 1
F 85 104.275000000 104.275000000 1 0 227 -0.717958 0.101719 -0.078328 0.684145 0.458806 -0.025732 -0.413800 0 0 0.779 166 161 167 164 0 0 85 10 0 1
F 86 104.325000000 104.325000000 1 0 227 -0.719949 0.100155 -0.080604 0.682016 0.435607 -0.026201 -0.417279 0 0 0.678 165 163 166 164 0 0 86 10 0 1
F 87 104.375000000 104.375000000 1 0 227 -0.721923 0.098454 -0.082777 0.679914 0.409632 -0.026722 -0.419208 0 0 0.774 164 158 165 164 0 0 87 10 0 1
F 88 104.425000000 104.425000000 1 0 227 -0.723782 0.096393 -0.084787 0.677982 0.383078 -0.026436 -0.421468 0 0 0.773 161 155 164 164 0 0 88 10 0 1
F 89 104.475000000 104.475000000 1 0 227 -0.725565 0.094100 -0.086572 0.676170 0.355723 -0.026186 -0.422970 0 0 0.773 160 156 161 164 0 0 89 10 0 1
F 90 104.525000000 104.525000000 1 0 227 -0.727226 0.091621 -0.088235 0.674509 0.326576 -0.025714 -0.424206 0 0 0.631 162 154 160 164 0 0 90 10 0 1
F 91 104.575000000 104.575000000 1 0 227 -0.728790 0.088994 -0.089667 0.672982 0.296449 -0.025029 -0.424507 0 0 0.773 161 154 162 164 0 0 91 10 0 1
F 92 104.625000000 104.625000000 1 0 227 -0.730164 0.086165 -0.091019 0.671678 0.264051 -0.024592 -0.425369 0 0 0.777 160 155 161 164 0 0 92 10 0 1
F 93 104.675000000 104.675000000 1 0 222 -0.731445 0.083175 -0.091963 0.670531 0.231178 -0.023902 -0.422501 0 0 0.774 160 154 160 163 0 0 93 10 0 1
F 94 104.725000000 104.725000000 1 0 222 -0.732639 0.080049 -0.092718 0.669504 0.199143 -0.022633 -0.420980 0 0 0.780 159 152 160 163 0 0 94 10 0 1
F 95 104.775000000 104.775000000 1 0 222 -0.733584 0.076810 -0.093312 0.668766 0.165621 -0.021942 -0.420484 0 0 1.565 161 152 159 163 0 0 95 10 0 1
F 96 104.825000000 104.825000000 1 0 222 -0.734408 0.073403 -0.093615 0.668201 0.132609 -0.020699 -0.419164 0 0 0.780 162 158 161 163 0 0 96 10 0 1
F 97 104.875000000 104.875000000 1 0 221 -0.735044 0.070058 -0.093723 0.667846 0.097960 -0.019058 -0.417590 0 0 200.372 162 152 162 173 0 0 97 10 0 0
F 98 104.925000000 104.925000000 1 0 221 -0.735737 0.066265 -0.093083 0.667560 0.078574 -0.019057 -0.424780 0 0 0.782 166 158 162 173 0 0 98 10 0 1
F 99 104.975000000 104.975000000 1 0 221 -0.736007 0.062885 -0.092677 0.667645 0.041909 -0.018528 -0.422565 0 0 0.785 165 161 166 173 0 0 99 10 0 1
F 100 105.025000000 105.025000000 1 0 221 -0.736125 0.059517 -0.091985 0.667919 0.005365 -0.017396 -0.419765 0 0 0.776 166 158 165 173 0 0 100 10 0 1
F 101 105.075000000 105.075000000 1 0 221 -0.736079 0.056207 -0.090995 0.668393 -0.031157 -0.016295 -0.416325 0 0 0.777 170 162 166 173 0 0 101 10 0 1
F 102 105.125000000 105.125000000 1 0 210 -0.735738 0.053086 -0.089954 0.669164 -0.071630 -0.015560 -0.414346 0 0 200.389 175 164 170 168 0 0 102 10 0 0
F 103 105.175000000 105.175000000 1 0 210 -0.735415 0.049608 -0.088243 0.670013 -0.107417 -0.017202 -0.421647 0 0 0.032 176 171 175 168 0 0 103 10 0 1
F 104 105.225000000 105.225000000 1 0 210 -0.734833 0.046380 -0.086330 0.671131 -0.142372 -0.015878 -0.417186 0 0 0.778 178 172 176 168 0 0 104 10 0 1
F 105 105.275000000 105.275000000 1 0 210 -0.734045 0.043337 -0.084339 0.672448 -0.179285 -0.013758 -0.413074 0 0 0.778 178 172 178 168 0 0 105 10 0 1
F 106 105.325000000 105.325000000 1 0 208 -0.733093 0.040236 -0.081904 0.673978 -0.214504 -0.012598 -0.409318 0 0 0.776 177 171 178 172 0 0 106 10 0 1
F 107 105.375000000 105.375000000 1 0 189 -0.732005 0.037308 -0.079237 0.675647 -0.248489 -0.011116 -0.404329 0 0 200.502 178 173 177 165 0 0 107 10 0 0
F 108 105.425000000 105.425000000 1 0 189 -0.730769 0.035063 -0.076516 0.677416 -0.285824 -0.005552 -0.399292 0 0 0.787 176 172 178 165 0 0 108 10 0 1
F 109 105.475000000 105.475000000 1 0 189 -0.729465 0.032386 -0.073226 0.679315 -0.317260 -0.004976 -0.392021 0 0 0.779 173 170 176 165 0 0 109 10 0 1
F 110 105.525000000 105.525000000 1 0 189 -0.727941 0.029823 -0.069661 0.681439 -0.346751 -0.004393 -0.386108 0 0 0.703 179 165 173 165 0 0 110 10 0 1
F 111 105.575000000 105.575000000 1 0 189 -0.726356 0.027397 -0.065876 0.683606 -0.375839 -0.004126 -0.378697 0 0 0.775 181 174 179 165 0 0 111 10 0 1
F 112 105.625000000 105.625000000 1 0 193 -0.724601 0.025118 -0.061829 0.685929 -0.403046 -0.003384 -0.371786 0 0 200.347 185 175 181 151 0 0 112 10 0 0
F 113 105.675000000 105.675000000 1 0 193 -0.722562 0.023348 -0.058430 0.688437 -0.437521 -0.003238 -0.367688 0 0 0.785 185 183 185 151 0 0 113 10 0 1
F 114 105.725000000 105.725000000 1 0 193 -0.720594 0.021388 -0.054037 0.690917 -0.462346 -0.002196 -0.360585 0 0 0.783 185 180 185 151 0 0 114 10 0 1
F 115 105.775000000 105.775000000 1 0 193 -0.718572 0.019510 -0.049381 0.693423 -0.484455 -0.001381 -0.352674 0 0 0.779 187 181 185 151 0 0 115 10 0 1
F 116 105.825000000 105.825000000 1 0 193 -0.716477 0.017768 -0.044541 0.695960 -0.504806 -0.000846 -0.344517 0 0 0.775 184 181 187 151 0 0 116 10 0 1
F 117 105.875000000 105.875000000 1 0 206 -0.714290 0.016229 -0.039590 0.698541 -0.523869 0.000569 -0.336546 0 0 200.427 185 179 184 149 0 0 117 10 0 0
F 118 105.925000000 105.925000000 1 0 206 -0.712087 0.014591 -0.034113 0.701111 -0.536932 -0.000778 -0.327491 0 0 0.798 187 182 185 149 0 0 118 10 0 1
F 119 105.975000000 105.975000000 1 0 208 -0.709831 0.013158 -0.028833 0.703658 -0.551007 -0.000495 -0.318934 0 0 0.778 190 184 187 147 0 0 119 10 0 1
F 120 106.025000000 106.025000000 1 0 208 -0.707541 0.011855 -0.023466 0.706183 -0.562619 -0.000225 -0.310149 0 0 0.777 186 182 190 147 0 0 120 10 0 1
F 121 106.075000000 106.075000000 1 0 208 -0.705231 0.010681 -0.018002 0.708668 -0.571976 -0.000478 -0.301095 0 0 0.775 185 185 186 147 0 0 121 10 0 1
F 122 106.125000000 106.125000000 1 0 208 -0.702931 0.009621 -0.012538 0.711083 -0.579495 -0.000831 -0.291687 0 0 200.708 185 181 185 148 0 0 122 10 0 0
F 123 106.175000000 106.175000000 1 0 208 -0.700620 0.008506 -0.006793 0.713452 -0.582698 -0.003026 -0.282105 0 0 0.704 181 181 185 148 0 0 123 10 0 1
F 124 106.225000000 106.225000000 1 0 208 -0.698368 0.007562 -0.001340 0.715697 -0.585475 -0.003265 -0.272295 0 0 0.777 181 177 181 148 0 0 124 10 0 1
F 125 106.275000000 106.275000000 1 0 208 -0.696038 0.006591 0.004151 0.717963 -0.584342 -0.004857 -0.264317 0 0 0.776 181 178 181 148 0 0 125 10 0 1
F 126 106.325000000 106.325000000 1 0 208 -0.693825 0.005759 0.009497 0.720058 -0.582322 -0.005712 -0.255038 0 0 0.775 178 178 181 148 0 0 126 10 0 1
F 127 106.375000000 106.375000000 1 0 210 -0.691708 0.004935 0.014700 0.722011 -0.578150 -0.005757 -0.245204 0 0 200.296 173 173 178 155 0 0 127 10 0 0
F 128 106.425000000 106.425000000 1 0 210 -0.689723 0.004121 0.019943 0.723787 -0.571091 -0.007705 -0.232992 0 0 0.799 174 170 173 155 0 0 128 10 0 1
F 129 106.475000000 106.475000000 1 0 213 -0.687776 0.003363 0.024857 0.725490 -0.562150 -0.008732 -0.222573 0 0 0.778 177 170 174 154 0 0 129 10 0 1
F 130 106.525000000 106.525000000 1 0 213 -0.685921 0.002554 0.029656 0.727067 -0.549457 -0.010790 -0.212386 0 0 0.775 177 175 177 154 0 0 130 10 0 1
F 131 106.575000000 106.575000000 1 0 213 -0.684169 0.001745 0.034189 0.728519 -0.535302 -0.012162 -0.202184 0 0 0.779 174 173 177 154 0 0 131 10 0 1
F 132 106.625000000 106.625000000 1 0 216 -0.682573 0.000948 0.038475 0.729803 -0.518836 -0.014143 -0.191193 0 0 200.493 173 172 174 168 0 0 132 10 0 0
F 133 106.675000000 106.675000000 1 0 216 -0.680990 0.000384 0.042371 0.731065 -0.506874 -0.017565 -0.181077 0 0 0.796 173 172 173 168 0 0 133 10 0 1
F 134 106.725000000 106.725000000 1 0 216 -0.679603 -0.000403 0.046100 0.732130 -0.486509 -0.019434 -0.171063 0 0 0.779 175 172 173 168 0 0 134 10 0 1
F 135 106.775000000 106.775000000 1 0 216 -0.678353 -0.001230 0.049524 0.733064 -0.463550 -0.021303 -0.161131 0 0 0.776 173 171 175 168 0 0 135 10 0 1
F 136 106.825000000 106.825000000 1 0 216 -0.677263 -0.002084 0.052595 0.733856 -0.439103 -0.023847 -0.151054 0 0 0.777 173 171 173 168 0 0 136 10 0 1
F 137 106.875000000 106.875000000 1 0 220 -0.676335 -0.002950 0.055266 0.734512 -0.413413 -0.025567 -0.140825 0 0 200.517 176 170 173 168 0 0 137 10 0 0
F 138 106.925000000 106.925000000 1 0 220 -0.675624 -0.004073 0.057613 0.734981 -0.384472 -0.025084 -0.129612 0 0 0.788 176 174 176 168 0 0 138 10 0 1
F 139 106.975000000 106.975000000 1 0 220 -0.675000 -0.005115 0.059554 0.735392 -0.354292 -0.027169 -0.120172 0 0 0.782 174 172 176 168 0 0 139 10 0 1
F 140 107.025000000 107.025000000 1 0 220 -0.674540 -0.006130 0.061088 0.735681 -0.323637 -0.029322 -0.110827 0 0 0.776 175 172 174 168 0 0 140 10 0 1
F 141 107.075000000 107.075000000 1 0 220 -0.674331 -0.007284 0.062325 0.735759 -0.289448 -0.032141 -0.100310 0 0 0.777 176 172 175 168 0 0 141 10 0 1
F 142 107.125000000 107.125000000 1 0 223 -0.674300 -0.008535 0.063245 0.735694 -0.251861 -0.036069 -0.089733 0 0 200.070 174 171 176 168 0 0 142 10 0 0
F 143 107.175000000 107.175000000 1 0 223 -0.674425 -0.009602 0.063419 0.735552 -0.218504 -0.037229 -0.079430 0 0 0.782 175 171 174 168 0 0 143 10 0 1
F 144 107.225000000 107.225000000 1 0 223 -0.674660 -0.010696 0.063326 0.735329 -0.183683 -0.039734 -0.070546 0 0 0.778 177 172 175 168 0 0 144 10 0 1
F 145 107.275000000 107.275000000 1 0 223 -0.675067 -0.011794 0.062751 0.734988 -0.149136 -0.041538 -0.062045 0 0 0.775 173 169 177 168 0 0 145 10 0 1
F 146 107.325000000 107.325000000 1 0 223 -0.675658 -0.012954 0.061903 0.734498 -0.112105 -0.044130 -0.053393 0 0 0.775 170 169 173 168 0 0 146 10 0 1
F 147 107.375000000 107.375000000 1 0 226 -0.676496 -0.013998 0.060584 0.733817 -0.075626 -0.046430 -0.043997 0 0 200.332 170 161 170 175 0 0 147 10 0 0
F 148 107.425000000 107.425000000 1 0 226 -0.677250 -0.015011 0.058732 0.733251 -0.040474 -0.048489 -0.039999 0 0 0.786 169 165 170 175 0 0 148 10 0 1
F 149 107.475000000 107.475000000 1 0 226 -0.678302 -0.016133 0.056726 0.732412 -0.002918 -0.050651 -0.032427 0 0 0.787 169 164 169 175 0 0 149 10 0 1
F 150 107.525000000 107.525000000 1 0 226 -0.679498 -0.017225 0.054390 0.731456 0.034734 -0.053003 -0.025143 0 0 0.778 170 165 169 175 0 0 150 10 0 1
F 151 107.575000000 107.575000000 1 0 226 -0.680786 -0.018134 0.051597 0.730438 0.069973 -0.055075 -0.019009 0 0 0.776 172 168 170 175 0 0 151 10 0 1
F 152 107.625000000 107.625000000 1 0 228 -0.682283 -0.019193 0.048635 0.729216 0.107966 -0.057291 -0.011976 0 0 200.344 167 163 172 176 0 0 152 10 0 0
F 153 107.675000000 107.675000000 1 0 228 -0.683776 -0.019923 0.045084 0.728025 0.140782 -0.058575 -0.010188 0 0 0.780 165 161 167 176 0 0 153 10 0 1
F 154 107.725000000 107.725000000 1 0 228 -0.685505 -0.020835 0.041607 0.726580 0.177642 -0.060744 -0.004015 0 0 0.747 172 163 165 176 0 0 154 10 0 1
F 155 107.775000000 107.775000000 1 0 228 -0.687332 -0.021464 0.037739 0.725045 0.210480 -0.062345 0.001408 0 0 0.778 174 166 172 176 0 0 155 10 0 1
F 156 107.825000000 107.825000000 1 0 228 -0.689221 -0.022072 0.033748 0.723428 0.243775 -0.064153 0.005941 0 0 0.775 174 167 174 176 0 0 156 10 0 1
F 157 107.875000000 107.875000000 1 0 217 -0.691214 -0.022624 0.029620 0.721688 0.277486 -0.066197 0.010446 0 0 200.623 175 169 174 177 0 0 157 10 0 0
F 158 107.925000000 107.925000000 1 0 217 -0.693258 -0.022944 0.025184 0.719884 0.306797 -0.068629 0.013225 0 0 0.784 170 162 175 174 0 0 158 10 0 1
F 159 107.975000000 107.975000000 1 0 218 -0.695460 -0.022981 0.020719 0.717898 0.336157 -0.069326 0.018449 0 0 0.784 174 164 170 174 0 0 159 10 0 1
S ate_se3_max 0.035599
S ate_se3_n 123
S ate_se3_rmse 0.019945
S ate_sim3_max 0.025372
S ate_sim3_n 123
S ate_sim3_rmse 0.013005
S ate_sim3_scale 1.036852
S first_track_idx 37
S frame_dt_max 0.050000
S frame_dt_med 0.050000
S frame_dt_min 0.050000
S frame_ms_max 200.785
S frame_ms_med 0.782
S h_accel_rejected 0
S h_bias_channel_populated 0
S h_core_frame_seq 159
S h_core_imu_starved_frames 0
S h_domain_mismatch_events 0
S h_frames_run 160
S h_frames_with_zero_imu 0
S h_gyro_rejected 0
S h_image_accepted 160
S h_image_rejected 0
S h_inspection_compiled_out 0
S h_max_abs_cam_imu_delta 0.050000
S h_reject_bad_arg 0
S h_reject_non_finite_ts 0
S h_reject_non_monotonic_ts 0
S h_shadow_overflow_drops 0
S imu_dt_max 0.005000
S imu_dt_med 0.005000
S imu_ts_nonmono 0
S inl_kp_max 190
S inl_kp_med 174
S lm_rc_hist OK:160
S mapped_lm_max 177
S mapped_lm_med 159
S n_degenerate_pose 37
S n_frames 160
S n_imu 1606
S n_tracked 123
S n_unsettled 34
S pose_lag_max_ms 0.000
S pose_lag_med_ms 0.000
S pose_lag_min_ms 0.000
S pose_ts_regress 0
S pose_ts_repeat 0
S push_fail_img 0
S push_fail_imu 0
S state_INIT 36
S state_TRACK 124
S trk_kp_max 185
S trk_kp_med 169
S wall_s 8.111
